07 -77 117 -77 -105 -59 48 3 41 0 98 109 59 55 86 -64 -107 6 39 0 -18 -51 -40 97
-74 64 -26 -13 -60 0 108 8 -86 113 -49 95 112 56 -28 0 113 96 122 -22 -99 -66 11
-59 -85 0 13 -88 -41 -70 -5 14 -20 -23 0 0 58 -41 59 -54 -104 10 97 -46 0 0 -26
20 21 24 -89 89 112 17 0 0 -111 62 8 50 28 -10 113 -103 0 0 -128 -43 118 22 104
3 77 4 0 0 14 -109 58 85 37 -10 -98 -107 0 0 -110 119 -82 -92 108 -99 7 -5 0 0
-81 36 9 -29 -61 28 63 40 0 0 4 24 -70 -89 61 10 -98 0 0 0 20 -122 -67 28 61 93
-74 0 0 0 -67 -29 -9 -11 -55 8 55 0 0 0 -110 -7 56 67 112 100 -55 0 0 0 7 114
-12 37 65 -105 -26 0 0 0 -108 -103 -82 59 91 -7 126 0 0 0 -122 73 -45 -127 118
-58 -81 0 0 0 112 -1 -114 121 60 66 85 0 0 0 25 58 31 50 69 -99 -45 0 0 0 -29
116 69 10 -64 -35 -43 0 0 0 18 121 -124 -7 -122 -31 99 0 0 0 114 58 -104 -113 83
-47 0 0 0 0 57 72 -37 -48 38 -125 0 0 0 0 -125 125 -92 18 -39 -43 0 0 0 0 76 18
-116 -88 5 87 0 0 0 0 118 32 86 111 -68 -22 0 0 0 0 -82 -91 -63 113 70 -37 0 0 0
0 -64 -41 -15 -79 -4 -102 0 0 0 0 47 -68 -81 73 -93 0 0 0 0 0 59 26 83 32 -17 0
0 0 0 0 16 -102 80 -29 -98 0 0 0 0 0 -105 -66 -37 109 119 0 0 0 0 0 -28 -107 72
8 -41 0 0 0 0 0 71 76 -50 9 -89 0 0 0 0 0 -65 77 -57 67 50 0 0 0 0 0 75 9 -18 27
126 0 0 0 0 0 -15 86 8 -9 0 0 0 0 0 0 113 -50 -61 49 0 0 0 0 0 0 -92 -33 27 122
0 0 0 0 0 0 113 95 -107 -85 0 0 0 0 0 0 -122 67 -9 -91 0 0 0 0 0 0 -25 -118 37 0
0 0 0 0 0 0 55 127 16 0 0 0 0 0 0 0 -4 35 10 0 0 0 0 0 0 0 -106 -94 -86 0 0 0 0
0 0 0 -54 54 -7 0 0 0 0 0 0 0 97 -9 69 0 0 0 0 0 0 0 -78 36 -55 0 0 0 0 0 0 0
-98 -85 -126 0 0 0 0 0 0 0 -1 125 -109 0 0 0 0 0 0 0 41 25 0 0 0 0 0 0 0 0 -97
29 0 0 0 0 0 0 0 0 33 79 0 0 0 0 0 0 0 0 -122 -54 0 0 0 0 0 0 0 0 39 30 0 0 0 0
0 0 0 0 -108 -26 0 0 0 0 0 0 0 0 -70 -47 0 0 0 0 0 0 0 0 99 -10 0 0 0 0 0 0 0 0
127 -119 0 0 0 0 0 0 0 0 -110 -77 0 0 0 0 0 0 0 0 -43 69 0 0 0 0 0 0 0 0 -14 -5
0 0 0 0 0 0 0 0 101 0 0 0 0 0 0 0 0 0 -32 0 0 0 0 0 0 0 0 0 -57 0 0 0 0 0 0 0 0
0 -64 0 0 0 0 0 0 0 0 0 -68 0 0 0 0 0 0 0 0 0 -30 0 0 0 0 0 0 0 0 0 11 0 0 0 0 0
0 0 0 0 -96 0 0 0 0 0 0 0 0 0 0 0 0 0 0 0 0 0 0 0 0 0 0 0 0 0 0 0 0 0 0 0 0 0 0
0 0 0 0 0 0 0 0 0 0 0 0 0 0 0 0 0 0 0 0 0 0 0 0 0 0 0 0 0 0 0 0 0 0 0 0 0 0 0 0
0 0 0 0 0 0 0 0 0 0 0 0 0 0 0 0 0 0 0 0 0 0 0 0 0 0 0 0 0 0 0 0 0 0 0 0 0 0 0 0
0 0 0 0 0 0 0 0 0 0 0 0 0 0 0 0 0 0 0 0 0 0 0 0 0 0 0 0 0 0 0 0 0 0 0 0 0 0 0 0
0 0 0 0 0 0 0 0 0 0 0 0 0 0 0 0 0 0 0 0 0 0 0 0 0 0 0 0 0 0 0 0 0 0 0 0 0 0 0 0
0 0 0 0 0 0 0 0 0 0 0 0 0 0 0 0 0 0 0 0 0 0 0 0 0 0 0 0 0 0 0 0 0 0 0 0 0 0 0 0
0 0 0 0 0 0 0 0 0 0 0 0 0 0 0 0 0 0 0 0 0 0 0 0 0 0 0 0 0 0 0 0 0 0 0 0 0 0 0 0
0 0 0 0 0 0 0 0 0 0 0 0 0 0 0 0 0 0 0 0 0 0 0 0 0 0 0 0 0 0 0 0 0 0 0 0 0 0 0 0
0 0 0 0 0 0 0 0 0 0 0 0 0 0 0 0 0 0 0 0 0 0 0 0 0 0 0 0 0 0 0 0 0 0 0 0 0 0 0 0
0 0 0 0 0 0 0 0 0 0 0 0 0 0 0 0 0 0 0 0 0 0 0 0 0 0 0 0 0 0 0 0 0 0 0 0 0 0 0 0
0 0 0 0 0 0 0 0 0 0 0 0 0 0 0 0 0 0 0 0 0 0 0 0 0 0 0 0 0 0 0 0 0 0 0 0 0 0 0 0
0 0 0 0 0 0 0 0 0 0 0 0 0 0 0 0 0 0 0 0 0 0 0 0 0 0 0 0 0 0 0 0 0 0 0 0 0 0 0 0
0 0 0 0 0 0 0 0 0 0 0 0 0 0 0 0 0 0 0 0 0 0 0 0 0 0 0 0 0 0 0 0 0 0 0 0 0 0 0 0
0 0 0 0 0 0 0 0 0 0 0 0 0 0 0 0 0 0 0 0 0 0 0 0 0 0 0 0 0 0 0 0 0 0 0 0 0 0 0 0
0 0 0 0 0 0 0 0 0 0 0 0 0 0 0 0 0 0 0 0 0 0 0 0 0 0 0 0 0 0 0 0 0 0 0 0 0 0 0 0
0 0 0 0 0 0 0 0 0 0 0 0 0 0 0 0 0 0 0 0 0 0 0 0 0 0 0 0 0 0 0 0 0 0 0 0 0 0 0 0
0 0 0 0 0 0 0 0 0 0 0 0 0 0 0 0 0 0 0 0 0 0 0 0 0 0 0 0 0 0 0 0 0 0 0 0 0 0 0 0
0 0 0 0 0 0 0 0 0 0 0 0 0 0 0 0 0 0 0 0 0 0 0 0 0 0 0 0 0 0 0 0 0 0 0 0 0 0 0 0
0 0 0 0 0 0 0 0 0 0 0 0 0 0 0 0 0 0 0 0 0 0 0 0 0 0 0 0 0 0 0 0 0 0 0 0 0 0 0 0
0 0 0 0 0 0 0 0 0 0 0 0 0 0 0 0 0 0 0 0 0 0 0 0 0 0 0 0 0 0 0 0 0 0 0 0 0 0 0 0
0 0 0 0 0 0 0 0 0 0 0 0 0 0 0 0 0 0 0 0 0 0 0 0 0 0 0 0 0 0 0 0 0 0 0 0 0 0 0 0
0 0 0 0 0 0 0 0 0 0 0 0 0 0 0 0 0 0 0 0 0 0 0 0 0 0 0 0 0 0 0 0 0 0 0 0 0 0 0 0
0 0 0 0 0 0 0 0 0 0 0 0 0 0 0 0 0 0 0 0 0 0 0 0 0 0 0 0 0 0 0 0 0 0 0 0 0 0 0 0
0 0 0 0 0 0 0 0 0 0 0 0 0 0 0 0 0 0 0 0 0 0 0 0 0 0 0 0 0 0 0 0 0 0 0 0 0 0 0 0
0 0 0 0 0 0 0 0 0 0 0 0 0 0 0 0 0 0 0 0 0 0 0 0 0 0 0 0 0 0 0 0 0 0 0 0 0 0 0 0
0 0 0 0 0 0 0 0 0 0 0 0 0 0 0 0 0 0 0 0 0 0 0 0 0 0 0 0 0 0 0 0 0 0 0 0 0 0 0 0
0 0 0 0 0 0 0 0 0 0 0 0 0 0 0 0 0 0 0 0 0 0 0 0 0 0 0 0 0 0 0 0 0 0 0 0 0 0 0 0
0 0 0 0 0 0 0 0 0 0 0 0 0 0 0 0 0 0 0 0 0 0 0 0 0 0 0 0 0 0 0 0 0 0 0 0 0 0 0 0
0 0 0 0 0 0 0 0 0 0 0 0 0 0 0 0 0 0 0 0 0 0 0 0 0 0 0 0 0 0 0 0 0 0 0 0 0 0 0 0
0 0 0 0 0 0 0 0 0 0 0 0 0 0 0 0 0 0 0 0 0 0 0 0 0 0 0 0 0 0 0 0 0 0 0 0 0 0 0 0
0 0 0 0 0 0 0 0 0 0 0 0 0 0 0 0 0 0 0 0 0 0 0 0 0 0 0 0 0 0 0 0 0 0 0 0 0 0 0 0
0 0 0 0 0 0 0 0 0 0 0 0 0 0 0 0 0 0 0 0 0 0 0 0 0 0 0 0 0 0 0 0 0 0 0 0 0 0 0 0
0 0 0 0 0 0 0 0 0 0 0 0 0 0 0 0 0 0 0 0 0 0 0 0 0 0 0 0 0 0 0 0 0 0 0 0 0 0 0 0
0 0 0 0 0 0 0 0 0 0 0 0 0 0 0 0 0 0 0 0 0 0 0 0 0 0 0 0 0 0 0 0 0 0 0 0 0 0 0 0
0 0 0 0 0 0 0 0 0 0 0 0 0 0 0 0 0 0 0 0 0 0 0 0 0 0 0 0 0 0 0 0 0 0 0 0 0 0 0 0
0 0 0 0 0 0 0 0 0 0 0 0 0 0 0 0 0 0 0 0 0 0 0 0 0 0 0 0 0 0 0 0 0 0 0 0 0 0 0 0
0 0 0 0 0 0 0 0 0 0 0 0 0 0 0 0 0 0 0 0 0 0 0 0 0 0 0 0 0 0 0 0 0 0 0 0 0 0 0 0
0 0 0 0 0 0 0 0 0 0 0 0 0 0 0 0 0 0 0 0 0 0 0 0 0 0 0 0 0 0 0 0 0 0 0 0 0 0 0 0
0 0 0 0 0 0 0 0 0 0 0 0 0 0 0 0 0 0 0 0 0 0 0 0 0 0 0 0 0 0 0 0 0 0 0 0 0 0 0 0
0 0 0 0 0 0 0 0 0 0 0 0 0 0 0 0 0 0 0 0 0 0 0 0 0 0 0 0 0 0 0 0 0 0 0 0 0 0 0 0
0 0 0 0 0 0 0 0 0 0 0 0 0 0 0 0 0 0 0 0 0 0 0 0 0 0 0 0 0 0 0 0 0 0 0 0 0 0 0 0
0 0 0 0 0 0 0 0 0 0 0 0 0 0 0 0 0 0 0 0 0 0 0 0 0 0 0 0 0 0 0 0 0 0 0 0 0 0 0 0
0 0 0 0 0 0 0 0 0 0 0 0 0 0 0 0 0 0 0 0 0 0 0 0 0 0 0 0 0 0 0 0 0 0 0 0 0 0 0 0
0 0 0 0 0 102 9 121 106 120 -107 99 -125 102 -28 78 84 53 -15 -96 -112 76 95
-126 -118 -45 -4 96 -93 109 -33 -101 61 -107 -69 39 -58 -67 90 -23 64 64 23 -78
-74 66 -10 126 47 10 -14 -105 -115 82 -60 111 81 -71 76 -72 -38 3 64 125 32 106
45 108 17 107 80 -74 -49 6 43 51 103 17 -103 -99 -98 -108 40 -91 59 -110 102 73
-27 82 -81 -54 -111 -33 45 72 -22 92 7 62 -74 84 -102 72 85 69 -120 -85 105 53
87 66 24 -26 -73 -2 59 33 -32 -54 21 13 5 -8 -63 -56 76 16 -41 -46 38 -74 23 114
-15 -73 86 40 -34 -36 -28 -68 -115 9 60 89 -59 -100 36 -126 105 12 -103 -72 -1
64 15 19 -107 -61 -99 -61 46 -9 2 108 97 -8 40 -82 -104 78 -15 97 -77 -66 -49
101 108 -90 95 -76 65 14 -28 121 95 -8 -58 16 -68 -104 84 -94 -114 1 -43 -29 -9
-111 2 -45 -27 -116 -126 -97 -98 126 -92 -119 100 96 62 -81 -50 -52 46 4 -31 44
89 126 -92 -21 103 13 106 70 15 -70 100 28 -48 6 25 110 80 -27 -109 -114 -113
-106 37 108 -60 -66 -87 24 60 33 100 -37 -89 -128 -106 39 23 98 -80 -104 -11 9
28 -79 -9 49 28 74 64 118 56 -19 -84 117 -69 81 -78 -70 29 7 -48 14 98 -37 -54
88 -69 -44 77 46 -85 -107 61 11 -93 -105 60 -47 39 123 -6 -101 -80 -27 -11 -81
27 -99 57 -98 73 72 -49 96 19 119 -95 92 93 -113 93 -116 40 17 32 80 110 104 36
-6 -4 111 -21 -28 118 80 -118 -21 -114 -121 65 -24 50 -94 125 -105 114 -36 65
-29 87 4 -7 -111 41 -50 3 -16 68 53 15 102 79 19 -21 18 57 7 -76 -32 -66 -115 15
6 94 -36 63 -122 -6 53 -51 -30 20 -102 -77 72 24 -59 -27 -79 13 11 -63 -36 -50
31 -20 -116 -73 -69 -67 -41 123 94 -24 39 -18 123 3 -2 22 -80 76 -76 80 46 
